     221
  0.000000E+00
  0.125893E+06
  0.141254E+06
  0.158489E+06
  0.177828E+06
  0.199527E+06
  0.223873E+06
  0.251189E+06
  0.281839E+06
  0.316229E+06
  0.354815E+06
  0.398109E+06
  0.446686E+06
  0.501190E+06
  0.562344E+06
  0.630961E+06
  0.707950E+06
  0.794334E+06
  0.891257E+06
  0.100000E+07
  0.104713E+07
  0.109648E+07
  0.114815E+07
  0.120226E+07
  0.125893E+07
  0.131826E+07
  0.138038E+07
  0.144544E+07
  0.151356E+07
  0.158489E+07
  0.165959E+07
  0.173780E+07
  0.181970E+07
  0.190546E+07
  0.199526E+07
  0.208929E+07
  0.218776E+07
  0.229087E+07
  0.239883E+07
  0.251188E+07
  0.263027E+07
  0.275423E+07
  0.288403E+07
  0.301995E+07
  0.316227E+07
  0.331131E+07
  0.346736E+07
  0.363078E+07
  0.380189E+07
  0.398107E+07
  0.416869E+07
  0.436515E+07
  0.457088E+07
  0.478629E+07
  0.501186E+07
  0.524807E+07
  0.549540E+07
  0.575439E+07
  0.602559E+07
  0.630956E+07
  0.660692E+07
  0.691830E+07
  0.724435E+07
  0.758576E+07
  0.794327E+07
  0.831762E+07
  0.870962E+07
  0.912009E+07
  0.954990E+07
  0.999998E+07
  0.104713E+08
  0.109648E+08
  0.114815E+08
  0.120226E+08
  0.125892E+08
  0.131825E+08
  0.138038E+08
  0.144544E+08
  0.151356E+08
  0.158489E+08
  0.165958E+08
  0.173780E+08
  0.181970E+08
  0.190546E+08
  0.199526E+08
  0.208929E+08
  0.218776E+08
  0.229086E+08
  0.239883E+08
  0.251188E+08
  0.263026E+08
  0.275422E+08
  0.290000E+08
  0.300000E+08
  0.310000E+08
  0.320000E+08
  0.330000E+08
  0.340000E+08
  0.350000E+08
  0.360000E+08
  0.370000E+08
  0.380000E+08
  0.390000E+08
  0.400000E+08
  0.425000E+08
  0.450000E+08
  0.475000E+08
  0.500000E+08
  0.525000E+08
  0.550000E+08
  0.570880E+08
  0.640538E+08
  0.718696E+08
  0.806390E+08
  0.904785E+08
  0.101518E+09
  0.113906E+09
  0.127804E+09
  0.143399E+09
  0.160896E+09
  0.180529E+09
  0.202557E+09
  0.227272E+09
  0.255004E+09
  0.286119E+09
  0.321031E+09
  0.360203E+09
  0.404154E+09
  0.453469E+09
  0.508801E+09
  0.570884E+09
  0.640543E+09
  0.718701E+09
  0.806396E+09
  0.904792E+09
  0.101519E+10
  0.113907E+10
  0.127805E+10
  0.143400E+10
  0.160898E+10
  0.168000E+10
  0.170000E+10
  0.180000E+10
  0.190000E+10
  0.200000E+10
  0.210000E+10
  0.220000E+10
  0.230000E+10
  0.240000E+10
  0.250000E+10
  0.260000E+10
  0.275000E+10
  0.300000E+10
  0.325000E+10
  0.350000E+10
  0.375000E+10
  0.400000E+10
  0.425000E+10
  0.450000E+10
  0.475000E+10
  0.500000E+10
  0.525000E+10
  0.550000E+10
  0.575000E+10
  0.600000E+10
  0.625000E+10
  0.650000E+10
  0.675000E+10
  0.700000E+10
  0.725000E+10
  0.750000E+10
  0.775000E+10
  0.800000E+10
  0.825000E+10
  0.850000E+10
  0.875000E+10
  0.900000E+10
  0.925000E+10
  0.950000E+10
  0.975000E+10
  0.100000E+11
  0.102500E+11
  0.105000E+11
  0.107500E+11
  0.110000E+11
  0.112500E+11
  0.115000E+11
  0.117500E+11
  0.120000E+11
  0.122500E+11
  0.125000E+11
  0.127500E+11
  0.130000E+11
  0.132500E+11
  0.135000E+11
  0.137500E+11
  0.140000E+11
  0.142500E+11
  0.145000E+11
  0.147500E+11
  0.150000E+11
  0.152500E+11
  0.155000E+11
  0.157500E+11
  0.160000E+11
  0.162500E+11
  0.165000E+11
  0.167500E+11
  0.170000E+11
  0.172500E+11
  0.175000E+11
  0.177500E+11
  0.180000E+11
  0.182500E+11
  0.185000E+11
  0.187500E+11
  0.190000E+11
  0.192500E+11
  0.195000E+11
  0.197500E+11
  0.200000E+11
