# Matter power spectrum P(k) at redshift z=0
# for k=1.04211e-05 to 8.36311 h/Mpc,
# number of wavenumbers equal to 611
#    1:k (h/Mpc)              2:P (Mpc/h)^3        
       1.042112388942e-05       4.754457191111e+01 
       2.328039212501e-05       1.035328759244e+02 
       3.618470082371e-05       1.586783166049e+02 
       4.916865298042e-05       2.135191696772e+02 
       6.226742175446e-05       2.683698699217e+02 
       7.551706304773e-05       3.234710355320e+02 
       8.895483804212e-05       3.790316569082e+02 
       1.026195499729e-04       4.352464849379e+02 
       1.165518994473e-04       4.923050462086e+02 
       1.307948626515e-04       5.503971622432e+02 
       1.453940967957e-04       6.097168602350e+02 
       1.603983770889e-04       6.703910445445e+02 
       1.758600693623e-04       7.327651004637e+02 
       1.918356420988e-04       7.970012622620e+02 
       2.083862209798e-04       8.633379667036e+02 
       2.255781880102e-04       9.320308851980e+02 
       2.434838256483e-04       1.003355343307e+03 
       2.621820039460e-04       1.077608764780e+03 
       2.817589052276e-04       1.155113135058e+03 
       3.023087759702e-04       1.236217421997e+03 
       3.239346889380e-04       1.321299906905e+03 
       3.467492898566e-04       1.410770277909e+03 
       3.708754916222e-04       1.505071366285e+03 
       3.964470649748e-04       1.604680266783e+03 
       4.236090577194e-04       1.710108611876e+03 
       4.525179554758e-04       1.821901627446e+03 
       4.833414768576e-04       1.940635555652e+03 
       5.162578773986e-04       2.066913016834e+03 
       5.514546234461e-04       2.201355782739e+03 
       5.891262953181e-04       2.344594512908e+03 
       6.294715955226e-04       2.497255104514e+03 
       6.726893805815e-04       2.659941501946e+03 
       7.189737104431e-04       2.833215112065e+03 
       7.685080196561e-04       3.017571505217e+03 
       8.214586532835e-04       3.213415475077e+03 
       8.779681606562e-04       3.421036300253e+03 
       9.381488726161e-04       3.640585164247e+03 
       1.002077366762e-03       3.872057336535e+03 
       1.069790416824e-03       4.115281072202e+03 
       1.141282908533e-03       4.369915221946e+03 
       1.216507993380e-03       4.635455943278e+03 
       1.295379480572e-03       4.911252523919e+03 
       1.377776193196e-03       5.196508593730e+03 
       1.463547795934e-03       5.490354918172e+03 
       1.552521480187e-03       5.791872489010e+03 
       1.644508880698e-03       6.100089193903e+03 
       1.739312679618e-03       6.414024408415e+03 
       1.836732494838e-03       6.732712132185e+03 
       1.936569810165e-03       7.055219878647e+03 
       2.038631853469e-03       7.380662567843e+03 
       2.142734445664e-03       7.708212169105e+03 
       2.248703921488e-03       8.037103984436e+03 
       2.356378265099e-03       8.366638568299e+03 
       2.465607616998e-03       8.696182021385e+03 
       2.576254302855e-03       9.025164335448e+03 
       2.688192517580e-03       9.353075018037e+03 
       2.801307775803e-03       9.679464227083e+03 
       2.915496217077e-03       1.000392817254e+04 
       3.030663833034e-03       1.032611815195e+04 
       3.146725665733e-03       1.064572430659e+04 
       3.263605011696e-03       1.096247897504e+04 
       3.381232654729e-03       1.127614773137e+04 
       3.499546141910e-03       1.158652991619e+04 
       3.618489110793e-03       1.189345035765e+04 
       3.738010671412e-03       1.219676054407e+04 
       3.858064843511e-03       1.249633144212e+04 
       3.978610047468e-03       1.279205716875e+04 
       4.099608646065e-03       1.308384769579e+04 
       4.221026533561e-03       1.337162374336e+04 
       4.342832768215e-03       1.365532623337e+04 
       4.464999244286e-03       1.393490315175e+04 
       4.587500399681e-03       1.421031854354e+04 
       4.710312955582e-03       1.448153554572e+04 
       4.833415684645e-03       1.474850300919e+04 
       4.956789204675e-03       1.501128335087e+04 
       5.080415794908e-03       1.526980236054e+04 
       5.204279232393e-03       1.552408754202e+04 
       5.328364646152e-03       1.577420820895e+04 
       5.452658387124e-03       1.602008733915e+04 
       5.577147912055e-03       1.626176940227e+04 
       5.701821679757e-03       1.649925193942e+04 
       5.826669058326e-03       1.673207837994e+04 
       5.951680242050e-03       1.696121011674e+04 
       6.076846176932e-03       1.718620003969e+04 
       6.202158493848e-03       1.740707467839e+04 
       6.327609448481e-03       1.762388012719e+04 
       6.453191867288e-03       1.783659111894e+04 
       6.578899098822e-03       1.804527896515e+04 
       6.704724969840e-03       1.825004328770e+04 
       6.830663745665e-03       1.845079256008e+04 
       6.956710094348e-03       1.864775766583e+04 
       7.082859054234e-03       1.884089535225e+04 
       7.209106004566e-03       1.903006081362e+04 
       7.335446638807e-03       1.921531622422e+04 
       7.461876940414e-03       1.939692637379e+04 
       7.588393160800e-03       1.957522674158e+04 
       7.714991799267e-03       1.974981348959e+04 
       7.841669584719e-03       1.992029806760e+04 
       7.968423458968e-03       2.008721432426e+04 
       8.095250561493e-03       2.025068017534e+04 
       8.222148215489e-03       2.041026689680e+04 
       8.349113915109e-03       2.056684486465e+04 
       8.476145313768e-03       2.072047291213e+04 
       8.603240213410e-03       2.086990913600e+04 
       8.730396554662e-03       2.101598686502e+04 
       8.857612407780e-03       2.115868488831e+04 
       8.984885964324e-03       2.129809441350e+04 
       9.112215529492e-03       2.143337072554e+04 
       9.239599515059e-03       2.156628094612e+04 
       9.367036432859e-03       2.169670514572e+04 
       9.494524888781e-03       2.182252099918e+04 
       9.622063577214e-03       2.194648947376e+04 
       9.749651275916e-03       2.206596073925e+04 
       9.877286841267e-03       2.218384641945e+04 
       1.000496920388e-02       2.229717199606e+04 
       1.013269736454e-02       2.240825056391e+04 
       1.026047039040e-02       2.251642148216e+04 
       1.038828741154e-02       2.262158762721e+04 
       1.051614761769e-02       2.272471875156e+04 
       1.064405025523e-02       2.282352360095e+04 
       1.077199462436e-02       2.292020643912e+04 
       1.089998007660e-02       2.301465019782e+04 
       1.102800601225e-02       2.310519457494e+04 
       1.115607187827e-02       2.319279880292e+04 
       1.128417716609e-02       2.327846956150e+04 
       1.141232140976e-02       2.336193623287e+04 
       1.154050418407e-02       2.344186311774e+04 
       1.166872510296e-02       2.352061173995e+04 
       1.179698381784e-02       2.359483646890e+04 
       1.192528001628e-02       2.366823082792e+04 
       1.205361342053e-02       2.373835703926e+04 
       1.218198378634e-02       2.380591164238e+04 
       1.231039090180e-02       2.387051884353e+04 
       1.243883458618e-02       2.393383631708e+04 
       1.256731468903e-02       2.399279091771e+04 
       1.269583108913e-02       2.405071071300e+04 
       1.282438369373e-02       2.410740997354e+04 
       1.295297243767e-02       2.416067354829e+04 
       1.308159728266e-02       2.421165671592e+04 
       1.321025821661e-02       2.425924854216e+04 
       1.333895525298e-02       2.430567269705e+04 
       1.346768843018e-02       2.435124647575e+04 
       1.359645781107e-02       2.439333666399e+04 
       1.372526348242e-02       2.443213905724e+04 
       1.385410555449e-02       2.446991289809e+04 
       1.398298416063e-02       2.450577367745e+04 
       1.411189945687e-02       2.454007622348e+04 
       1.424085162161e-02       2.457232690974e+04 
       1.436984085528e-02       2.460194144687e+04 
       1.449886738013e-02       2.462816453853e+04 
       1.462793143994e-02       2.465381103458e+04 
       1.475703329981e-02       2.467885148556e+04 
       1.488617324602e-02       2.470074267975e+04 
       1.501535158583e-02       2.471951695039e+04 
       1.514456864736e-02       2.473789008251e+04 
       1.527382477952e-02       2.475479865127e+04 
       1.540312035187e-02       2.476915769166e+04 
       1.553245575463e-02       2.478054423630e+04 
       1.566183139858e-02       2.479160240062e+04 
       1.579124771512e-02       2.480168273837e+04 
       1.592070515620e-02       2.480852124116e+04 
       1.605020419442e-02       2.481393786201e+04 
       1.617974532303e-02       2.481822315543e+04 
       1.630932905601e-02       2.482019984605e+04 
       1.643895592820e-02       2.482169953745e+04 
       1.656862649532e-02       2.482100162910e+04 
       1.669834133419e-02       2.481758724924e+04 
       1.682810104279e-02       2.481382140258e+04 
       1.695790624049e-02       2.480817607276e+04 
       1.708775756818e-02       2.480117579984e+04 
       1.721765568847e-02       2.479225501419e+04 
       1.734760128592e-02       2.478240820241e+04 
       1.747759506727e-02       2.477088529859e+04 
       1.760763776166e-02       2.475775489388e+04 
       1.773773012092e-02       2.474375002739e+04 
       1.786787291981e-02       2.472761012548e+04 
       1.799806695637e-02       2.471138629184e+04 
       1.812831305219e-02       2.469254650795e+04 
       1.825861205275e-02       2.467315590331e+04 
       1.838896482777e-02       2.465124995707e+04 
       1.851937227156e-02       2.462884177964e+04 
       1.864983530341e-02       2.460494273918e+04 
       1.878035486799e-02       2.458041385837e+04 
       1.891093193575e-02       2.455404070297e+04 
       1.904156750335e-02       2.452708306652e+04 
       1.917226259411e-02       2.449823190687e+04 
       1.930301825850e-02       2.446889847379e+04 
       1.943383557458e-02       2.443780001044e+04 
       1.956471564853e-02       2.440607334930e+04 
       1.969565961516e-02       2.437268574397e+04 
       1.982666863847e-02       2.433878670567e+04 
       1.995774391216e-02       2.430352511233e+04 
       2.008888666028e-02       2.426708042273e+04 
       2.022009813775e-02       2.422930742462e+04 
       2.035137963103e-02       2.419073254715e+04 
       2.048273245876e-02       2.415190438866e+04 
       2.061415797237e-02       2.411149058626e+04 
       2.074565755684e-02       2.406972284693e+04 
       2.087723263132e-02       2.402718334961e+04 
       2.100888464993e-02       2.398393379512e+04 
       2.114061510247e-02       2.393980473080e+04 
       2.127242551521e-02       2.389522228557e+04 
       2.140431745168e-02       2.384862938620e+04 
       2.153629251350e-02       2.380247261068e+04 
       2.166835234123e-02       2.375453780143e+04 
       2.180049861527e-02       2.370598698936e+04 
       2.193273305671e-02       2.365678625500e+04 
       2.206505742834e-02       2.360660537365e+04 
       2.219747353555e-02       2.355519994794e+04 
       2.232998322733e-02       2.350345798419e+04 
       2.246258839736e-02       2.345101226885e+04 
       2.259529098497e-02       2.339779586451e+04 
       2.272809297631e-02       2.334388631297e+04 
       2.286099640541e-02       2.328925649950e+04 
       2.299400335541e-02       2.323391044640e+04 
       2.312711595968e-02       2.317791674835e+04 
       2.326033640311e-02       2.312123437463e+04 
       2.339366692335e-02       2.306390662759e+04 
       2.352710981213e-02       2.300639790576e+04 
       2.366066741663e-02       2.294733066560e+04 
       2.379434214085e-02       2.288816376524e+04 
       2.392813644707e-02       2.282846780968e+04 
       2.406205285732e-02       2.276805732951e+04 
       2.419609395493e-02       2.270712876730e+04 
       2.433026238611e-02       2.264566610968e+04 
       2.446456086159e-02       2.258373520573e+04 
       2.459899215829e-02       2.252134037922e+04 
       2.473355912109e-02       2.245804798376e+04 
       2.486826466460e-02       2.239444718419e+04 
       2.500311177504e-02       2.233045711166e+04 
       2.513810351217e-02       2.226593671577e+04 
       2.527324301124e-02       2.220100325711e+04 
       2.540853348510e-02       2.213585665071e+04 
       2.554397822623e-02       2.206973554012e+04 
       2.567958060905e-02       2.200342080207e+04 
       2.581534409206e-02       2.193676383254e+04 
       2.595127222029e-02       2.186983074384e+04 
       2.608736862767e-02       2.180211225641e+04 
       2.622363703955e-02       2.173422063668e+04 
       2.636008127527e-02       2.166623300730e+04 
       2.649670525091e-02       2.159768024975e+04 
       2.663351298200e-02       2.152880173265e+04 
       2.677050858645e-02       2.145931152298e+04 
       2.690769628752e-02       2.138983901380e+04 
       2.704508041687e-02       2.131982613455e+04 
       2.718266541783e-02       2.124968168200e+04 
       2.732045584865e-02       2.117920028386e+04 
       2.745845638601e-02       2.110861737304e+04 
       2.759667182850e-02       2.103749589679e+04 
       2.773510710040e-02       2.096629310878e+04 
       2.787376725548e-02       2.089476003499e+04 
       2.801265748096e-02       2.082294350523e+04 
       2.815178310169e-02       2.075077065423e+04 
       2.829114958442e-02       2.067854093494e+04 
       2.843076254224e-02       2.060611791421e+04 
       2.857062773923e-02       2.053343513729e+04 
       2.871075109529e-02       2.046074010366e+04 
       2.885113869109e-02       2.038762367789e+04 
       2.899179677331e-02       2.031447226044e+04 
       2.913273176004e-02       2.024094054301e+04 
       2.927395024639e-02       2.016741300864e+04 
       2.941545901039e-02       2.009373273042e+04 
       2.955726501902e-02       2.001987242113e+04 
       2.969937543463e-02       1.994586342830e+04 
       2.984179762148e-02       1.987179542153e+04 
       2.998453915273e-02       1.979748313604e+04 
       3.012760781751e-02       1.972322034461e+04 
       3.027101162850e-02       1.964880893021e+04 
       3.041475882971e-02       1.957417964022e+04 
       3.055885790466e-02       1.949954024766e+04 
       3.070331758485e-02       1.942481632561e+04 
       3.084814685870e-02       1.934999395878e+04 
       3.099335498081e-02       1.927511107378e+04 
       3.113895148170e-02       1.920024775664e+04 
       3.128494617794e-02       1.912526779923e+04 
       3.143134918274e-02       1.905011819918e+04 
       3.157817091713e-02       1.897504328604e+04 
       3.172542212153e-02       1.889978889707e+04 
       3.187311386798e-02       1.882471745601e+04 
       3.202125757284e-02       1.874932971746e+04 
       3.216986501022e-02       1.867409348574e+04 
       3.231894832601e-02       1.859878566469e+04 
       3.246852005253e-02       1.852351881407e+04 
       3.261859312405e-02       1.844816022300e+04 
       3.276918089297e-02       1.837284648605e+04 
       3.292029714687e-02       1.829752687584e+04 
       3.307195612641e-02       1.822210337389e+04 
       3.322417254419e-02       1.814677821742e+04 
       3.337696160453e-02       1.807137787888e+04 
       3.353033902434e-02       1.799606881337e+04 
       3.368432105514e-02       1.792084109813e+04 
       3.383892450614e-02       1.784547414656e+04 
       3.399416676870e-02       1.777033169674e+04 
       3.415006584208e-02       1.769495872848e+04 
       3.430664036061e-02       1.761973868169e+04 
       3.446390962243e-02       1.754460822751e+04 
       3.462189361981e-02       1.746941081063e+04 
       3.478061307128e-02       1.739431021944e+04 
       3.494008945553e-02       1.731917250693e+04 
       3.510034504741e-02       1.724429199145e+04 
       3.526140295601e-02       1.716917957926e+04 
       3.542328716503e-02       1.709421875373e+04 
       3.558602257561e-02       1.701936793240e+04 
       3.574963505186e-02       1.694444338882e+04 
       3.591415146911e-02       1.686962839001e+04 
       3.607959976534e-02       1.679496306562e+04 
       3.624600899579e-02       1.672024981972e+04 
       3.641340939114e-02       1.664550122419e+04 
       3.658183241958e-02       1.657094734311e+04 
       3.675131085281e-02       1.649629909521e+04 
       3.692187883672e-02       1.642180281483e+04 
       3.709357196669e-02       1.634739358899e+04 
       3.726642736815e-02       1.627300446920e+04 
       3.744048378286e-02       1.619852584240e+04 
       3.761578166118e-02       1.612421824359e+04 
       3.779236326102e-02       1.605000724438e+04 
       3.797027275406e-02       1.597573098083e+04 
       3.814955633976e-02       1.590162541354e+04 
       3.833026236792e-02       1.582749941628e+04 
       3.851244147063e-02       1.575351262553e+04 
       3.869614670432e-02       1.567948404402e+04 
       3.888143370301e-02       1.560544930530e+04 
       3.906836084373e-02       1.553143141297e+04 
       3.925698942531e-02       1.545743654059e+04 
       3.944738386181e-02       1.538357786263e+04 
       3.963961189210e-02       1.530964218441e+04 
       3.983374480722e-02       1.523590534145e+04 
       4.002985769720e-02       1.516201647373e+04 
       4.022802971955e-02       1.508807769006e+04 
       4.042834439167e-02       1.501425696028e+04 
       4.063088990958e-02       1.494035463094e+04 
       4.083575949611e-02       1.486653076095e+04 
       4.104305178163e-02       1.479267296276e+04 
       4.125287122106e-02       1.471884025482e+04 
       4.146532855138e-02       1.464488082882e+04 
       4.168054129437e-02       1.457092897599e+04 
       4.189863430986e-02       1.449689826145e+04 
       4.211974040591e-02       1.442292922305e+04 
       4.234400101266e-02       1.434875767815e+04 
       4.257156692810e-02       1.427463355600e+04 
       4.280259914502e-02       1.420035057856e+04 
       4.303726976965e-02       1.412591049539e+04 
       4.327576304449e-02       1.405139907619e+04 
       4.351827648948e-02       1.397695439487e+04 
       4.376502217795e-02       1.390207744181e+04 
       4.401622816689e-02       1.382731587256e+04 
       4.427214010361e-02       1.375227524145e+04 
       4.453302303554e-02       1.367706954880e+04 
       4.479916345376e-02       1.360148332571e+04 
       4.507087160684e-02       1.352585666165e+04 
       4.534848412819e-02       1.344991949180e+04 
       4.563236702795e-02       1.337371587259e+04 
       4.592291911042e-02       1.329727991885e+04 
       4.622057588999e-02       1.322054865137e+04 
       4.652581409293e-02       1.314346178422e+04 
       4.683915685062e-02       1.306557298600e+04 
       4.716117971154e-02       1.298783047081e+04 
       4.749251762720e-02       1.290934400991e+04 
       4.783387310101e-02       1.283037438542e+04 
       4.818602573167e-02       1.275092958508e+04 
       4.854984343645e-02       1.267084460984e+04 
       4.892629570657e-02       1.259007758401e+04 
       4.931646933251e-02       1.250853862580e+04 
       4.972158714444e-02       1.242578844549e+04 
       5.014303045070e-02       1.234257441469e+04 
       5.058236603181e-02       1.225855419634e+04 
       5.104137877036e-02       1.217313994151e+04 
       5.152211128115e-02       1.208648854908e+04 
       5.202691226572e-02       1.199859700475e+04 
       5.255849576818e-02       1.190892966480e+04 
       5.312001407014e-02       1.181753927385e+04 
       5.371514763853e-02       1.172424582960e+04 
       5.434821631645e-02       1.162825298550e+04 
       5.502431675403e-02       1.152978134438e+04 
       5.574949173038e-02       1.142795168003e+04 
       5.653093709931e-02       1.132210092942e+04 
       5.737725071950e-02       1.121202868493e+04 
       5.829872315266e-02       1.109606585967e+04 
       5.930765882978e-02       1.097312693565e+04 
       6.041869298033e-02       1.084146071049e+04 
       6.164902471894e-02       1.069868813032e+04 
       6.301840882065e-02       1.054109439657e+04 
       6.454863235153e-02       1.036531835861e+04 
       6.626207398066e-02       1.016494153699e+04 
       6.817891579234e-02       9.933913407195e+03 
       7.031289639605e-02       9.665291536947e+03 
       7.266642291958e-02       9.353325568103e+03 
       7.522716153090e-02       8.995290763288e+03 
       7.796862269220e-02       8.593738523367e+03 
       8.085538435782e-02       8.158405863469e+03 
       8.385050389391e-02       7.704075837992e+03 
       8.692152140563e-02       7.249033405880e+03 
       9.004322174108e-02       6.810735002854e+03 
       9.319764077789e-02       6.404357421852e+03 
       9.637270768898e-02       6.040903638776e+03 
       9.956061602397e-02       5.726033569920e+03 
       1.027564386967e-01       5.461612153791e+03 
       1.059571129133e-01       5.244764002152e+03 
       1.091607525129e-01       5.070222826826e+03 
       1.123662025107e-01       4.930047542920e+03 
       1.155727580206e-01       4.815279635008e+03 
       1.187799896541e-01       4.716334580796e+03 
       1.219876360731e-01       4.624166709349e+03 
       1.251955382424e-01       4.530872484203e+03 
       1.284035993342e-01       4.429966507121e+03 
       1.316117603258e-01       4.317808190426e+03 
       1.348199851665e-01       4.192549270919e+03 
       1.380282517674e-01       4.055370139837e+03 
       1.412365465294e-01       3.909040887534e+03 
       1.444448610209e-01       3.757693446549e+03 
       1.476531899603e-01       3.606210203738e+03 
       1.508615299907e-01       3.459385595251e+03 
       1.540698789348e-01       3.321428435052e+03 
       1.572782353419e-01       3.195534669317e+03 
       1.604865982123e-01       3.083987464545e+03 
       1.636949668289e-01       2.987509306882e+03 
       1.669033406543e-01       2.905802493786e+03 
       1.701117192675e-01       2.837628276934e+03 
       1.733201023251e-01       2.780919784454e+03 
       1.765284895368e-01       2.733018072290e+03 
       1.797368806504e-01       2.691138643620e+03 
       1.829452754419e-01       2.652661478135e+03 
       1.861536737093e-01       2.615142898303e+03 
       1.893620752681e-01       2.575833029204e+03 
       1.925704799487e-01       2.533196651639e+03 
       1.957788875940e-01       2.486291413261e+03 
       1.989872980580e-01       2.434890251788e+03 
       2.021957112047e-01       2.379679368931e+03 
       2.054041269069e-01       2.321683739396e+03 
       2.086125450455e-01       2.262525666209e+03 
       2.118209655087e-01       2.203685910290e+03 
       2.150293881915e-01       2.146641383706e+03 
       2.182378129954e-01       2.092596395141e+03 
       2.214462398273e-01       2.042410444858e+03 
       2.246546685998e-01       1.996667634636e+03 
       2.278630992304e-01       1.955666338299e+03 
       2.310715316410e-01       1.919347967444e+03 
       2.342799657580e-01       1.887330403539e+03 
       2.374884015118e-01       1.859085838894e+03 
       2.406968388366e-01       1.833827762299e+03 
       2.439052776699e-01       1.810636460350e+03 
       2.471137179525e-01       1.788633120201e+03 
       2.503221596284e-01       1.766984851271e+03 
       2.535306026445e-01       1.745005032066e+03 
       2.567390469500e-01       1.722228126672e+03 
       2.599474924970e-01       1.698407519500e+03 
       2.631559392398e-01       1.673460135153e+03 
       2.663643871349e-01       1.647502295256e+03 
       2.695728361409e-01       1.620776940181e+03 
       2.727812862184e-01       1.593683536646e+03 
       2.759897373299e-01       1.566595406598e+03 
       2.791981894394e-01       1.540069313348e+03 
       2.824066425128e-01       1.514463896581e+03 
       2.856150965174e-01       1.490158075256e+03 
       2.888235514220e-01       1.467399555741e+03 
       2.920320071967e-01       1.446280127903e+03 
       2.952404638131e-01       1.426787284352e+03 
       2.984489212438e-01       1.408800933677e+03 
       3.016573794628e-01       1.392112566409e+03 
       3.048658384450e-01       1.376499261781e+03 
       3.080742981665e-01       1.361709627526e+03 
       3.112827586042e-01       1.347489580631e+03 
       3.144912197361e-01       1.333599533156e+03 
       3.176996815412e-01       1.319831174184e+03 
       3.209081439991e-01       1.305987170552e+03 
       3.241166070903e-01       1.291951340232e+03 
       3.273250707961e-01       1.277685960639e+03 
       3.305335350985e-01       1.263195480646e+03 
       3.337419999803e-01       1.248597388667e+03 
       3.369504654248e-01       1.234005856796e+03 
       3.401589314160e-01       1.219486370940e+03 
       3.433673979385e-01       1.205220080628e+03 
       3.465758649775e-01       1.191299128371e+03 
       3.497843325188e-01       1.177815515351e+03 
       3.529928005485e-01       1.164841077250e+03 
       3.562012690534e-01       1.152422770573e+03 
       3.594097380207e-01       1.140584227648e+03 
       3.626182074381e-01       1.129322712934e+03 
       3.658266772937e-01       1.118578521345e+03 
       3.690351475760e-01       1.108282964222e+03 
       3.722436182740e-01       1.098359825723e+03 
       3.754520893768e-01       1.088720228025e+03 
       3.786605608743e-01       1.079282225705e+03 
       3.818690327564e-01       1.069955826212e+03 
       3.850775050135e-01       1.060732746711e+03 
       3.882859776361e-01       1.051568119793e+03 
       3.914944506154e-01       1.042445005975e+03 
       3.947029239426e-01       1.033356569344e+03 
       3.979113976091e-01       1.024308585381e+03 
       4.011198716069e-01       1.015316793362e+03 
       4.043283459280e-01       1.006409894277e+03 
       4.075368205648e-01       9.976211008500e+02 
       4.107452955098e-01       9.889893175630e+02 
       4.139537707559e-01       9.805446817008e+02 
       4.171622462960e-01       9.723074728405e+02 
       4.203707221234e-01       9.642874540303e+02 
       4.235791982315e-01       9.564870305956e+02 
       4.267876746141e-01       9.488992592217e+02 
       4.299961512649e-01       9.415166288092e+02 
       4.332046281779e-01       9.343302860126e+02 
       4.364131053474e-01       9.273218914840e+02 
       4.396215827677e-01       9.204813518844e+02 
       4.428300604334e-01       9.137840316491e+02 
       4.460385383390e-01       9.072086007658e+02 
       4.492470164795e-01       9.007317495342e+02 
       4.524554948499e-01       8.943338522265e+02 
       4.556639734453e-01       8.880029701424e+02 
       4.588724522608e-01       8.817339156505e+02 
       4.620809312921e-01       8.755269570013e+02 
       4.652894105345e-01       8.693850501562e+02 
       4.684978899836e-01       8.633124660421e+02 
       4.717063696354e-01       8.573125942630e+02 
       4.749148494856e-01       8.513902786168e+02 
       4.781233295303e-01       8.455517868302e+02 
       4.813318097655e-01       8.398057051702e+02 
       4.845402901875e-01       8.341594146229e+02 
       4.877487707925e-01       8.286204391074e+02 
       4.909572515770e-01       8.231931528267e+02 
       4.941657325374e-01       8.178764290541e+02 
       4.973742136703e-01       8.126639855827e+02 
       5.005826949724e-01       8.075471658077e+02 
       5.037911764405e-01       8.025186030501e+02 
       5.069996580714e-01       7.975693375954e+02 
       5.102081398620e-01       7.926938565042e+02 
       5.134166218093e-01       7.878861855352e+02 
       5.166251039103e-01       7.831431586449e+02 
       5.198335861624e-01       7.784590695558e+02 
       5.230420685625e-01       7.738281465858e+02 
       5.262505511081e-01       7.692467988145e+02 
       5.294590337964e-01       7.647132281404e+02 
       5.326675166249e-01       7.602283751673e+02 
       5.358759995911e-01       7.557954168603e+02 
       5.390844826925e-01       7.514178626535e+02 
       5.422929659266e-01       7.470984948851e+02 
       5.455014492912e-01       7.428377208747e+02 
       5.487099327840e-01       7.386367488706e+02 
       5.519184164026e-01       7.344924936456e+02 
       5.551269001449e-01       7.304043043376e+02 
       5.583353840088e-01       7.263716053044e+02 
       5.615438679922e-01       7.223954439938e+02 
       5.647523520931e-01       7.184745497267e+02 
       5.679608363093e-01       7.146080500792e+02 
       5.711693206391e-01       7.107936286729e+02 
       5.743778050804e-01       7.070277281164e+02 
       5.775862896315e-01       7.033068438193e+02 
       5.807947742905e-01       6.996278486828e+02 
       5.840032590556e-01       6.959899436663e+02 
       5.872117439250e-01       6.923924096391e+02 
       5.904202288971e-01       6.888350948008e+02 
       5.936287139703e-01       6.853175846571e+02 
       5.968371991427e-01       6.818386897841e+02 
       6.000456844130e-01       6.783967957150e+02 
       6.032541697794e-01       6.749904909749e+02 
       6.064626552405e-01       6.716192315374e+02 
       6.096711407948e-01       6.682833575996e+02 
       6.128796264407e-01       6.649839658582e+02 
       6.160881121770e-01       6.617221105431e+02 
       6.192965980021e-01       6.584973586848e+02 
       6.225050839147e-01       6.553108890596e+02 
       6.257135699134e-01       6.521603669127e+02 
       6.289220559969e-01       6.490433953468e+02 
       6.321305421639e-01       6.459593348167e+02 
       6.353390284132e-01       6.429078259905e+02 
       6.385475147435e-01       6.398885919735e+02 
       6.417560011536e-01       6.369017998043e+02 
       6.449644876423e-01       6.339467255030e+02 
       6.481729742084e-01       6.310221358539e+02 
       6.513814608508e-01       6.281263886206e+02 
       6.545899475683e-01       6.252576919544e+02 
       6.577984343599e-01       6.224158831834e+02 
       6.610069212244e-01       6.196004355109e+02 
       6.642154081609e-01       6.168118427642e+02 
       6.674238951682e-01       6.140506351487e+02 
       6.706323822454e-01       6.113186645683e+02 
       6.738408693914e-01       6.086102775345e+02 
       6.770493566053e-01       6.059272434618e+02 
       6.802578438861e-01       6.032686332452e+02 
       6.834663312329e-01       6.006340740794e+02 
       6.866748186447e-01       5.980237179679e+02 
       6.898833061206e-01       5.954376744310e+02 
       6.930917936598e-01       5.928762425725e+02 
       6.963002812613e-01       5.903390907806e+02 
       6.995087689243e-01       5.878255864463e+02 
       7.027172566479e-01       5.853347052775e+02 
       7.059257444314e-01       5.828656521157e+02 
       7.091342322739e-01       5.804175799827e+02 
       7.123427201746e-01       5.779905369629e+02 
       7.155512081327e-01       5.755846313060e+02 
       7.187596961475e-01       5.731998899937e+02 
       7.219681842182e-01       5.708360564085e+02 
       7.251766723441e-01       5.684924832838e+02 
       7.283851605243e-01       5.661683055772e+02 
       7.315936487583e-01       5.638628645128e+02 
       7.348021370453e-01       5.615759936433e+02 
       7.380106253845e-01       5.593076211793e+02 
       7.412191137754e-01       5.570578823017e+02 
       7.444276022173e-01       5.548252342198e+02 
       7.476360907095e-01       5.526129616019e+02 
       7.508445792513e-01       5.504187621830e+02 
       8.198502223185e-01       5.070823399629e+02 
       9.193585469958e-01       4.549396948983e+02 
       1.077121074446e+00       3.893697024507e+02 
       1.327451770204e+00       3.121725542304e+02 
       1.668695915686e+00       2.382839649997e+02 
       2.100719253549e+00       1.751445143799e+02 
       2.644648695791e+00       1.239299844090e+02 
       3.329415448324e+00       8.464426292027e+01 
       4.191485714315e+00       5.607933627316e+01 
       5.276767878924e+00       3.623554336028e+01 
       6.643057174916e+00       2.295067183992e+01 
       8.363113489504e+00       1.431204090361e+01 
