# Matter power spectrum P(k) at redshift z=0
# for k=1.04211e-05 to 8.36311 h/Mpc,
# number of wavenumbers equal to 611
#    1:k (h/Mpc)              2:P (Mpc/h)^3        
       1.042112388942e-05       4.754457191111e+01 
       2.328039212501e-05       1.035328759244e+02 
       3.618470082371e-05       1.586783166049e+02 
       4.916865298042e-05       2.135191696772e+02 
       6.226742175446e-05       2.683698699217e+02 
       7.551706304773e-05       3.234710355320e+02 
       8.895483804212e-05       3.790316569082e+02 
       1.026195499729e-04       4.352464849379e+02 
       1.165518994473e-04       4.923050462086e+02 
       1.307948626515e-04       5.503971622432e+02 
       1.453940967957e-04       6.097168602350e+02 
       1.603983770889e-04       6.704654593945e+02 
       1.758600693623e-04       7.328542609300e+02 
       1.918356420988e-04       7.971070272988e+02 
       2.083862209798e-04       8.634623955289e+02 
       2.255781880102e-04       9.321762700380e+02 
       2.434838256483e-04       1.003524247265e+03 
       2.621820039460e-04       1.077804065743e+03 
       2.817589052276e-04       1.155338076696e+03 
       3.023087759702e-04       1.236475673043e+03 
       3.239346889380e-04       1.321595630070e+03 
       3.467492898566e-04       1.411108209921e+03 
       3.708754916222e-04       1.505456910672e+03 
       3.964470649748e-04       1.605119601088e+03 
       4.236090577194e-04       1.710608811006e+03 
       4.525179554758e-04       1.822470804723e+03 
       4.833414768576e-04       1.941283022826e+03 
       5.162578773986e-04       2.067649463770e+03 
       5.514546234461e-04       2.202193476601e+03 
       5.891262953181e-04       2.345547515377e+03 
       6.294715955226e-04       2.498339503884e+03 
       6.726893805815e-04       2.661175654822e+03 
       7.189737104431e-04       2.834619886904e+03 
       7.685080196561e-04       3.019170517449e+03 
       8.214586532835e-04       3.215235301235e+03 
       8.779681606562e-04       3.423106657010e+03 
       9.381488726161e-04       3.642939037826e+03 
       1.002077366762e-03       3.874731049395e+03 
       1.069790416824e-03       4.118314276841e+03 
       1.141282908533e-03       4.373350816667e+03 
       1.216507993380e-03       4.639339910350e+03 
       1.295379480572e-03       4.915633696935e+03 
       1.377776193196e-03       5.201438344680e+03 
       1.463547795934e-03       5.495886840583e+03 
       1.552521480187e-03       5.798062053453e+03 
       1.644508880698e-03       6.106993360340e+03 
       1.739312679618e-03       6.421701259226e+03 
       1.836732494838e-03       6.741220521601e+03 
       1.936569810165e-03       7.064619107593e+03 
       2.038631853469e-03       7.391012089307e+03 
       2.142734445664e-03       7.719571326885e+03 
       2.248703921488e-03       8.049531786556e+03 
       2.356378265099e-03       8.380193492200e+03 
       2.465607616998e-03       8.710921849888e+03 
       2.576254302855e-03       9.041146020529e+03 
       2.688192517580e-03       9.370354566613e+03 
       2.801307775803e-03       9.698096617572e+03 
       2.915496217077e-03       1.002396727009e+04 
       3.030663833034e-03       1.034761666566e+04 
       3.146725665733e-03       1.066873373653e+04 
       3.263605011696e-03       1.098704958604e+04 
       3.381232654729e-03       1.130232852552e+04 
       3.499546141910e-03       1.161436862269e+04 
       3.618489110793e-03       1.192299341757e+04 
       3.738010671412e-03       1.222805311064e+04 
       3.858064843511e-03       1.252941737405e+04 
       3.978610047468e-03       1.282697904341e+04 
       4.099608646065e-03       1.312064681210e+04 
       4.221026533561e-03       1.341034011704e+04 
       4.342832768215e-03       1.369599862673e+04 
       4.464999244286e-03       1.397756907118e+04 
       4.587500399681e-03       1.425501426988e+04 
       4.710312955582e-03       1.452829611541e+04 
       4.833415684645e-03       1.479736214946e+04 
       4.956789204675e-03       1.506227385878e+04 
       5.080415794908e-03       1.532295563006e+04 
       5.204279232393e-03       1.557943391167e+04 
       5.328364646152e-03       1.583177712802e+04 
       5.452658387124e-03       1.607990682400e+04 
       5.577147912055e-03       1.632386648896e+04 
       5.701821679757e-03       1.656365250811e+04 
       5.826669058326e-03       1.679880527252e+04 
       5.951680242050e-03       1.703028897068e+04 
       6.076846176932e-03       1.725765354674e+04 
       6.202158493848e-03       1.748092451213e+04 
       6.327609448481e-03       1.770014703975e+04 
       6.453191867288e-03       1.791529462929e+04 
       6.578899098822e-03       1.812643780122e+04 
       6.704724969840e-03       1.833367554645e+04 
       6.830663745665e-03       1.853691481383e+04 
       6.956710094348e-03       1.873638652469e+04 
       7.082859054234e-03       1.893204616516e+04 
       7.209106004566e-03       1.912374713118e+04 
       7.335446638807e-03       1.931155082653e+04 
       7.461876940414e-03       1.949572236886e+04 
       7.588393160800e-03       1.967659804292e+04 
       7.714991799267e-03       1.985377087585e+04 
       7.841669584719e-03       2.002684912099e+04 
       7.968423458968e-03       2.019636852411e+04 
       8.095250561493e-03       2.036244669336e+04 
       8.222148215489e-03       2.052465143753e+04 
       8.349113915109e-03       2.068385723724e+04 
       8.476145313768e-03       2.084012244552e+04 
       8.603240213410e-03       2.099219672495e+04 
       8.730396554662e-03       2.114091743001e+04 
       8.857612407780e-03       2.128626228393e+04 
       8.984885964324e-03       2.142832214055e+04 
       9.112215529492e-03       2.156624588375e+04 
       9.239599515059e-03       2.170181113201e+04 
       9.367036432859e-03       2.183489649409e+04 
       9.494524888781e-03       2.196336458095e+04 
       9.622063577214e-03       2.208999403082e+04 
       9.749651275916e-03       2.221211606779e+04 
       9.877286841267e-03       2.233266158381e+04 
       1.000496920388e-02       2.244863438381e+04 
       1.013269736454e-02       2.256236301985e+04 
       1.026047039040e-02       2.267318138634e+04 
       1.038828741154e-02       2.278099082962e+04 
       1.051614761769e-02       2.288676754250e+04 
       1.064405025523e-02       2.298820229627e+04 
       1.077199462436e-02       2.308751509966e+04 
       1.089998007660e-02       2.318458737959e+04 
       1.102800601225e-02       2.327774513868e+04 
       1.115607187827e-02       2.336795416424e+04 
       1.128417716609e-02       2.345622842547e+04 
       1.141232140976e-02       2.354229455775e+04 
       1.154050418407e-02       2.362480524032e+04 
       1.166872510296e-02       2.370614068580e+04 
       1.179698381784e-02       2.378292675007e+04 
       1.192528001628e-02       2.385888714979e+04 
       1.205361342053e-02       2.393156288818e+04 
       1.218198378634e-02       2.400165565373e+04 
       1.231039090180e-02       2.406878563132e+04 
       1.243883458618e-02       2.413462439859e+04 
       1.256731468903e-02       2.419607086551e+04 
       1.269583108913e-02       2.425648206245e+04 
       1.282438369373e-02       2.431567026561e+04 
       1.295297243767e-02       2.437139948744e+04 
       1.308159728266e-02       2.442483484428e+04 
       1.321025821661e-02       2.447485428334e+04 
       1.333895525298e-02       2.452370171599e+04 
       1.346768843018e-02       2.457169716010e+04 
       1.359645781107e-02       2.461618158831e+04 
       1.372526348242e-02       2.465735174680e+04 
       1.385410555449e-02       2.469748831941e+04 
       1.398298416063e-02       2.473569767280e+04 
       1.411189945687e-02       2.477233767704e+04 
       1.424085162161e-02       2.480690924844e+04 
       1.436984085528e-02       2.483882152823e+04 
       1.449886738013e-02       2.486731066477e+04 
       1.462793143994e-02       2.489521997434e+04 
       1.475703329981e-02       2.492251953260e+04 
       1.488617324602e-02       2.494663891639e+04 
       1.501535158583e-02       2.496760993096e+04 
       1.514456864736e-02       2.498817686955e+04 
       1.527382477952e-02       2.500726459220e+04 
       1.540312035187e-02       2.502377579041e+04 
       1.553245575463e-02       2.503728209697e+04 
       1.566183139858e-02       2.505045637480e+04 
       1.579124771512e-02       2.506264175999e+04 
       1.592070515620e-02       2.507154823278e+04 
       1.605020419442e-02       2.507901570501e+04 
       1.617974532303e-02       2.508533769215e+04 
       1.630932905601e-02       2.508932289501e+04 
       1.643895592820e-02       2.509282377368e+04 
       1.656862649532e-02       2.509409924158e+04 
       1.669834133419e-02       2.509262363303e+04 
       1.682810104279e-02       2.509078961047e+04 
       1.695790624049e-02       2.508705056313e+04 
       1.708775756818e-02       2.508193690846e+04 
       1.721765568847e-02       2.507487575179e+04 
       1.734760128592e-02       2.506687336096e+04 
       1.747759506727e-02       2.505717005881e+04 
       1.760763776166e-02       2.504583483543e+04 
       1.773773012092e-02       2.503360956383e+04 
       1.786787291981e-02       2.501921735918e+04 
       1.799806695637e-02       2.500473507313e+04 
       1.812831305219e-02       2.498759792032e+04 
       1.825861205275e-02       2.496989720597e+04 
       1.838896482777e-02       2.494964249198e+04 
       1.851937227156e-02       2.492887278547e+04 
       1.864983530341e-02       2.490658616927e+04 
       1.878035486799e-02       2.488365478759e+04 
       1.891093193575e-02       2.485884765990e+04 
       1.904156750335e-02       2.483344117620e+04 
       1.917226259411e-02       2.480610824494e+04 
       1.930301825850e-02       2.477827901482e+04 
       1.943383557458e-02       2.474865283194e+04 
       1.956471564853e-02       2.471838189688e+04 
       1.969565961516e-02       2.468641879972e+04 
       1.982666863847e-02       2.465392883710e+04 
       1.995774391216e-02       2.462004864890e+04 
       2.008888666028e-02       2.458495989153e+04 
       2.022009813775e-02       2.454851494060e+04 
       2.035137963103e-02       2.451124749487e+04 
       2.048273245876e-02       2.447371393940e+04 
       2.061415797237e-02       2.443456229156e+04 
       2.074565755684e-02       2.439402725015e+04 
       2.087723263132e-02       2.435269927980e+04 
       2.100888464993e-02       2.431064079839e+04 
       2.114061510247e-02       2.426767961557e+04 
       2.127242551521e-02       2.422424807585e+04 
       2.140431745168e-02       2.417876527683e+04 
       2.153629251350e-02       2.413371473378e+04 
       2.166835234123e-02       2.408684829239e+04 
       2.180049861527e-02       2.403934551893e+04 
       2.193273305671e-02       2.399117180434e+04 
       2.206505742834e-02       2.394199157379e+04 
       2.219747353555e-02       2.389155631304e+04 
       2.232998322733e-02       2.384076779511e+04 
       2.246258839736e-02       2.378925286206e+04 
       2.259529098497e-02       2.373694331845e+04 
       2.272809297631e-02       2.368391775667e+04 
       2.286099640541e-02       2.363014844184e+04 
       2.299400335541e-02       2.357563927489e+04 
       2.312711595968e-02       2.352045979136e+04 
       2.326033640311e-02       2.346456811641e+04 
       2.339366692335e-02       2.340800809395e+04 
       2.352710981213e-02       2.335125171208e+04 
       2.366066741663e-02       2.329289826012e+04 
       2.379434214085e-02       2.323443080908e+04 
       2.392813644707e-02       2.317541266099e+04 
       2.406205285732e-02       2.311565504878e+04 
       2.419609395493e-02       2.305535760249e+04 
       2.433026238611e-02       2.299450390372e+04 
       2.446456086159e-02       2.293316081061e+04 
       2.459899215829e-02       2.287133260776e+04 
       2.473355912109e-02       2.280857793479e+04 
       2.486826466460e-02       2.274549610469e+04 
       2.500311177504e-02       2.268200474651e+04 
       2.513810351217e-02       2.261796020667e+04 
       2.527324301124e-02       2.255348171360e+04 
       2.540853348510e-02       2.248877268057e+04 
       2.554397822623e-02       2.242305794214e+04 
       2.567958060905e-02       2.235713231335e+04 
       2.581534409206e-02       2.229084443900e+04 
       2.595127222029e-02       2.222426156745e+04 
       2.608736862767e-02       2.215686496294e+04 
       2.622363703955e-02       2.208927804543e+04 
       2.636008127527e-02       2.202157934466e+04 
       2.649670525091e-02       2.195329094707e+04 
       2.663351298200e-02       2.188465658787e+04 
       2.677050858645e-02       2.181538485326e+04 
       2.690769628752e-02       2.174611694828e+04 
       2.704508041687e-02       2.167628416623e+04 
       2.718266541783e-02       2.160630301878e+04 
       2.732045584865e-02       2.153596415498e+04 
       2.745845638601e-02       2.146550749588e+04 
       2.759667182850e-02       2.139448746866e+04 
       2.773510710040e-02       2.132337014331e+04 
       2.787376725548e-02       2.125190164781e+04 
       2.801265748096e-02       2.118012966449e+04 
       2.815178310169e-02       2.110797982241e+04 
       2.829114958442e-02       2.103575746637e+04 
       2.843076254224e-02       2.096332343409e+04 
       2.857062773923e-02       2.089060989928e+04 
       2.871075109529e-02       2.081786931423e+04 
       2.885113869109e-02       2.074468424813e+04 
       2.899179677331e-02       2.067144889056e+04 
       2.913273176004e-02       2.059781086329e+04 
       2.927395024639e-02       2.052416248348e+04 
       2.941545901039e-02       2.045034359891e+04 
       2.955726501902e-02       2.037632633298e+04 
       2.969937543463e-02       2.030214265812e+04 
       2.984179762148e-02       2.022788410434e+04 
       2.998453915273e-02       2.015336150702e+04 
       3.012760781751e-02       2.007887481015e+04 
       3.027101162850e-02       2.000422171934e+04 
       3.041475882971e-02       1.992933148178e+04 
       3.055885790466e-02       1.985441628798e+04 
       3.070331758485e-02       1.977940012577e+04 
       3.084814685870e-02       1.970426877609e+04 
       3.099335498081e-02       1.962906098377e+04 
       3.113895148170e-02       1.955385858847e+04 
       3.128494617794e-02       1.947852242146e+04 
       3.143134918274e-02       1.940299830059e+04 
       3.157817091713e-02       1.932753593558e+04 
       3.172542212153e-02       1.925187555748e+04 
       3.187311386798e-02       1.917638765133e+04 
       3.202125757284e-02       1.910056185190e+04 
       3.216986501022e-02       1.902487642869e+04 
       3.231894832601e-02       1.894910330542e+04 
       3.246852005253e-02       1.887335759982e+04 
       3.261859312405e-02       1.879750360686e+04 
       3.276918089297e-02       1.872168104596e+04 
       3.292029714687e-02       1.864583805729e+04 
       3.307195612641e-02       1.856987437674e+04 
       3.322417254419e-02       1.849399692684e+04 
       3.337696160453e-02       1.841802818546e+04 
       3.353033902434e-02       1.834213850399e+04 
       3.368432105514e-02       1.826631777521e+04 
       3.383892450614e-02       1.819034024939e+04 
       3.399416676870e-02       1.811457827008e+04 
       3.415006584208e-02       1.803856606922e+04 
       3.430664036061e-02       1.796269620903e+04 
       3.446390962243e-02       1.788690390711e+04 
       3.462189361981e-02       1.781102887995e+04 
       3.478061307128e-02       1.773523888403e+04 
       3.494008945553e-02       1.765939676413e+04 
       3.510034504741e-02       1.758380403853e+04 
       3.526140295601e-02       1.750795971340e+04 
       3.542328716503e-02       1.743225666928e+04 
       3.558602257561e-02       1.735665236231e+04 
       3.574963505186e-02       1.728095855502e+04 
       3.591415146911e-02       1.720536308455e+04 
       3.607959976534e-02       1.712990714066e+04 
       3.624600899579e-02       1.705438822149e+04 
       3.641340939114e-02       1.697881922072e+04 
       3.658183241958e-02       1.690343604979e+04 
       3.675131085281e-02       1.682794234029e+04 
       3.692187883672e-02       1.675259072059e+04 
       3.709357196669e-02       1.667731467688e+04 
       3.726642736815e-02       1.660204557902e+04 
       3.744048378286e-02       1.652667099646e+04 
       3.761578166118e-02       1.645145823628e+04 
       3.779236326102e-02       1.637633099802e+04 
       3.797027275406e-02       1.630112321623e+04 
       3.814955633976e-02       1.622607706984e+04 
       3.833026236792e-02       1.615099644417e+04 
       3.851244147063e-02       1.607604523166e+04 
       3.869614670432e-02       1.600103766261e+04 
       3.888143370301e-02       1.592601032758e+04 
       3.906836084373e-02       1.585098686264e+04 
       3.925698942531e-02       1.577597362843e+04 
       3.944738386181e-02       1.570108689774e+04 
       3.963961189210e-02       1.562610771604e+04 
       3.983374480722e-02       1.555131946829e+04 
       4.002985769720e-02       1.547636171327e+04 
       4.022802971955e-02       1.540133934040e+04 
       4.042834439167e-02       1.532642497877e+04 
       4.063088990958e-02       1.525141345415e+04 
       4.083575949611e-02       1.517646929055e+04 
       4.104305178163e-02       1.510147697094e+04 
       4.125287122106e-02       1.502649717576e+04 
       4.146532855138e-02       1.495137379543e+04 
       4.168054129437e-02       1.487624490799e+04 
       4.189863430986e-02       1.480102160214e+04 
       4.211974040591e-02       1.472584843153e+04 
       4.234400101266e-02       1.465045358584e+04 
       4.257156692810e-02       1.457509417358e+04 
       4.280259914502e-02       1.449955789767e+04 
       4.303726976965e-02       1.442384647890e+04 
       4.327576304449e-02       1.434804813233e+04 
       4.351827648948e-02       1.427230497021e+04 
       4.376502217795e-02       1.419610312029e+04 
       4.401622816689e-02       1.412000640586e+04 
       4.427214010361e-02       1.404360852539e+04 
       4.453302303554e-02       1.396702674954e+04 
       4.479916345376e-02       1.389003892809e+04 
       4.507087160684e-02       1.381299528624e+04 
       4.534848412819e-02       1.373561736583e+04 
       4.563236702795e-02       1.365795033340e+04 
       4.592291911042e-02       1.358002911276e+04 
       4.622057588999e-02       1.350178850561e+04 
       4.652581409293e-02       1.342316602205e+04 
       4.683915685062e-02       1.334370088829e+04 
       4.716117971154e-02       1.326437071179e+04 
       4.749251762720e-02       1.318425669745e+04 
       4.783387310101e-02       1.310362725408e+04 
       4.818602573167e-02       1.302248996753e+04 
       4.854984343645e-02       1.294067375389e+04 
       4.892629570657e-02       1.285813444249e+04 
       4.931646933251e-02       1.277477812626e+04 
       4.972158714444e-02       1.269014973529e+04 
       5.014303045070e-02       1.260501972587e+04 
       5.058236603181e-02       1.251903281475e+04 
       5.104137877036e-02       1.243157937751e+04 
       5.152211128115e-02       1.234281888314e+04 
       5.202691226572e-02       1.225274511575e+04 
       5.255849576818e-02       1.216080036092e+04 
       5.312001407014e-02       1.206703438055e+04 
       5.371514763853e-02       1.197125516570e+04 
       5.434821631645e-02       1.187263129451e+04 
       5.502431675403e-02       1.177138175781e+04 
       5.574949173038e-02       1.166658455717e+04 
       5.653093709931e-02       1.155753770589e+04 
       5.737725071950e-02       1.144401390849e+04 
       5.829872315266e-02       1.132425798711e+04 
       5.930765882978e-02       1.119711060022e+04 
       6.041869298033e-02       1.106071096438e+04 
       6.164902471894e-02       1.091253189661e+04 
       6.301840882065e-02       1.074864048910e+04 
       6.454863235153e-02       1.056544624670e+04 
       6.626207398066e-02       1.035615784159e+04 
       6.817891579234e-02       1.011433937080e+04 
       7.031289639605e-02       9.832613545270e+03 
       7.266642291958e-02       9.504848441187e+03 
       7.522716153090e-02       9.128093068661e+03 
       7.796862269220e-02       8.704942136354e+03 
       8.085538435782e-02       8.245531650618e+03 
       8.385050389391e-02       7.765308255213e+03 
       8.692152140563e-02       7.283416032527e+03 
       9.004322174108e-02       6.818185442831e+03 
       9.319764077789e-02       6.385620577237e+03 
       9.637270768898e-02       5.997413056165e+03 
       9.956061602397e-02       5.659692453673e+03 
       1.027564386967e-01       5.374611470748e+03 
       1.059571129133e-01       5.139321174144e+03 
       1.091607525129e-01       4.948412517328e+03 
       1.123662025107e-01       4.793614417006e+03 
       1.155727580206e-01       4.665546370508e+03 
       1.187799896541e-01       4.554153180818e+03 
       1.219876360731e-01       4.449952114882e+03 
       1.251955382424e-01       4.344680821428e+03 
       1.284035993342e-01       4.231587772648e+03 
       1.316117603258e-01       4.106911391967e+03 
       1.348199851665e-01       3.968757954317e+03 
       1.380282517674e-01       3.818376871064e+03 
       1.412365465294e-01       3.658651661732e+03 
       1.444448610209e-01       3.493870714546e+03 
       1.476531899603e-01       3.329106141271e+03 
       1.508615299907e-01       3.169354959679e+03 
       1.540698789348e-01       3.019028588233e+03 
       1.572782353419e-01       2.881504372727e+03 
       1.604865982123e-01       2.759222110690e+03 
       1.636949668289e-01       2.652985834184e+03 
       1.669033406543e-01       2.562518093101e+03 
       1.701117192675e-01       2.486533712613e+03 
       1.733201023251e-01       2.422855530640e+03 
       1.765284895368e-01       2.368666949768e+03 
       1.797368806504e-01       2.321012549647e+03 
       1.829452754419e-01       2.277111732278e+03 
       1.861536737093e-01       2.234375374055e+03 
       1.893620752681e-01       2.189897308560e+03 
       1.925704799487e-01       2.142057987468e+03 
       1.957788875940e-01       2.089861218073e+03 
       1.989872980580e-01       2.033058742402e+03 
       2.021957112047e-01       1.972358249200e+03 
       2.054041269069e-01       1.908819909564e+03 
       2.086125450455e-01       1.844136554206e+03 
       2.118209655087e-01       1.779858453280e+03 
       2.150293881915e-01       1.717543270761e+03 
       2.182378129954e-01       1.658471872868e+03 
       2.214462398273e-01       1.603568829914e+03 
       2.246546685998e-01       1.553472349097e+03 
       2.278630992304e-01       1.508518726689e+03 
       2.310715316410e-01       1.468661189089e+03 
       2.342799657580e-01       1.433501825709e+03 
       2.374884015118e-01       1.402481174888e+03 
       2.406968388366e-01       1.374756136322e+03 
       2.439052776699e-01       1.349335798972e+03 
       2.471137179525e-01       1.325270576666e+03 
       2.503221596284e-01       1.301658561289e+03 
       2.535306026445e-01       1.277754205860e+03 
       2.567390469500e-01       1.253049098335e+03 
       2.599474924970e-01       1.227269533291e+03 
       2.631559392398e-01       1.200316727564e+03 
       2.663643871349e-01       1.172306487353e+03 
       2.695728361409e-01       1.143491700733e+03 
       2.727812862184e-01       1.114296910654e+03 
       2.759897373299e-01       1.085121025780e+03 
       2.791981894394e-01       1.056568120574e+03 
       2.824066425128e-01       1.029030568469e+03 
       2.856150965174e-01       1.002927756236e+03 
       2.888235514220e-01       9.785386209653e+02 
       2.920320071967e-01       9.559720786441e+02 
       2.952404638131e-01       9.352220189910e+02 
       2.984489212438e-01       9.161621213998e+02 
       3.016573794628e-01       8.985659821506e+02 
       3.048658384450e-01       8.821891098234e+02 
       3.080742981665e-01       8.667532289377e+02 
       3.112827586042e-01       8.519751224804e+02 
       3.144912197361e-01       8.375860275133e+02 
       3.176996815412e-01       8.233506569447e+02 
       3.209081439991e-01       8.090444599331e+02 
       3.241166070903e-01       7.945328755233e+02 
       3.273250707961e-01       7.797689760893e+02 
       3.305335350985e-01       7.647530690818e+02 
       3.337419999803e-01       7.496140119687e+02 
       3.369504654248e-01       7.344780430613e+02 
       3.401589314160e-01       7.194169238700e+02 
       3.433673979385e-01       7.046362430427e+02 
       3.465758649775e-01       6.902415050818e+02 
       3.497843325188e-01       6.763394859292e+02 
       3.529928005485e-01       6.630150272154e+02 
       3.562012690534e-01       6.503251875636e+02 
       3.594097380207e-01       6.383005903533e+02 
       3.626182074381e-01       6.269414192787e+02 
       3.658266772937e-01       6.161810191990e+02 
       3.690351475760e-01       6.059414483300e+02 
       3.722436182740e-01       5.961350711426e+02 
       3.754520893768e-01       5.866583752898e+02 
       3.786605608743e-01       5.774150233620e+02 
       3.818690327564e-01       5.682981151069e+02 
       3.850775050135e-01       5.592971284979e+02 
       3.882859776361e-01       5.503576716393e+02 
       3.914944506154e-01       5.414582708065e+02 
       3.947029239426e-01       5.325893746753e+02 
       3.979113976091e-01       5.237565598076e+02 
       4.011198716069e-01       5.149775654611e+02 
       4.043283459280e-01       5.062861546206e+02 
       4.075368205648e-01       4.977220923545e+02 
       4.107452955098e-01       4.893327183856e+02 
       4.139537707559e-01       4.811553214574e+02 
       4.171622462960e-01       4.732156226347e+02 
       4.203707221234e-01       4.655267520329e+02 
       4.235791982315e-01       4.580929442508e+02 
       4.267876746141e-01       4.509068915489e+02 
       4.299961512649e-01       4.439605231195e+02 
       4.332046281779e-01       4.372440162572e+02 
       4.364131053474e-01       4.307354996698e+02 
       4.396215827677e-01       4.244232655335e+02 
       4.428300604334e-01       4.182770256018e+02 
       4.460385383390e-01       4.122703127399e+02 
       4.492470164795e-01       4.063737898290e+02 
       4.524554948499e-01       4.005624583759e+02 
       4.556639734453e-01       3.948208845623e+02 
       4.588724522608e-01       3.891421594629e+02 
       4.620809312921e-01       3.835263747189e+02 
       4.652894105345e-01       3.779771495462e+02 
       4.684978899836e-01       3.724999049882e+02 
       4.717063696354e-01       3.670990174720e+02 
       4.749148494856e-01       3.617808782601e+02 
       4.781233295303e-01       3.565538955371e+02 
       4.813318097655e-01       3.514297260866e+02 
       4.845402901875e-01       3.464186405261e+02 
       4.877487707925e-01       3.415313014460e+02 
       4.909572515770e-01       3.367743396142e+02 
       4.941657325374e-01       3.321470908639e+02 
       4.973742136703e-01       3.276419107787e+02 
       5.005826949724e-01       3.232478171210e+02 
       5.037911764405e-01       3.189554329759e+02 
       5.069996580714e-01       3.147530586100e+02 
       5.102081398620e-01       3.106335752983e+02 
       5.134166218093e-01       3.065891260633e+02 
       5.166251039103e-01       3.026156485134e+02 
       5.198335861624e-01       2.987054801056e+02 
       5.230420685625e-01       2.948507526112e+02 
       5.262505511081e-01       2.910465527672e+02 
       5.294590337964e-01       2.872904366028e+02 
       5.326675166249e-01       2.835838291934e+02 
       5.358759995911e-01       2.799313937968e+02 
       5.390844826925e-01       2.763383726735e+02 
       5.422929659266e-01       2.728090726144e+02 
       5.455014492912e-01       2.693444557037e+02 
       5.487099327840e-01       2.659466842459e+02 
       5.519184164026e-01       2.626116981588e+02 
       5.551269001449e-01       2.593389534711e+02 
       5.583353840088e-01       2.561280220784e+02 
       5.615438679922e-01       2.529808897864e+02 
       5.647523520931e-01       2.498961397385e+02 
       5.679608363093e-01       2.468729380000e+02 
       5.711693206391e-01       2.439082752931e+02 
       5.743778050804e-01       2.409972209004e+02 
       5.775862896315e-01       2.381348411926e+02 
       5.807947742905e-01       2.353166947181e+02 
       5.840032590556e-01       2.325418359950e+02 
       5.872117439250e-01       2.298094354075e+02 
       5.904202288971e-01       2.271195368822e+02 
       5.936287139703e-01       2.244717869767e+02 
       5.968371991427e-01       2.218646229944e+02 
       6.000456844130e-01       2.192957923940e+02 
       6.032541697794e-01       2.167633276730e+02 
       6.064626552405e-01       2.142666090271e+02 
       6.096711407948e-01       2.118064254992e+02 
       6.128796264407e-01       2.093848061592e+02 
       6.160881121770e-01       2.070037628313e+02 
       6.192965980021e-01       2.046629457543e+02 
       6.225050839147e-01       2.023646345220e+02 
       6.257135699134e-01       2.001054054542e+02 
       6.289220559969e-01       1.978816678653e+02 
       6.321305421639e-01       1.956926738120e+02 
       6.353390284132e-01       1.935381336592e+02 
       6.385475147435e-01       1.914178969751e+02 
       6.417560011536e-01       1.893325646247e+02 
       6.449644876423e-01       1.872812492633e+02 
       6.481729742084e-01       1.852621842966e+02 
       6.513814608508e-01       1.832728711402e+02 
       6.545899475683e-01       1.813105052836e+02 
       6.577984343599e-01       1.793750451138e+02 
       6.610069212244e-01       1.774658207897e+02 
       6.642154081609e-01       1.755839389815e+02 
       6.674238951682e-01       1.737306010363e+02 
       6.706323822454e-01       1.719093792280e+02 
       6.738408693914e-01       1.701105792485e+02 
       6.770493566053e-01       1.683375727306e+02 
       6.802578438861e-01       1.665889578652e+02 
       6.834663312329e-01       1.648643125073e+02 
       6.866748186447e-01       1.631641649939e+02 
       6.898833061206e-01       1.614889829629e+02 
       6.930917936598e-01       1.598395986786e+02 
       6.963002812613e-01       1.582157001777e+02 
       6.995087689243e-01       1.566164117308e+02 
       7.027172566479e-01       1.550401071959e+02 
       7.059257444314e-01       1.534855579878e+02 
       7.091342322739e-01       1.519514121430e+02 
       7.123427201746e-01       1.504379966855e+02 
       7.155512081327e-01       1.489457658186e+02 
       7.187596961475e-01       1.474750315478e+02 
       7.219681842182e-01       1.460255662664e+02 
       7.251766723441e-01       1.445963770892e+02 
       7.283851605243e-01       1.431860222812e+02 
       7.315936487583e-01       1.417934361198e+02 
       7.348021370453e-01       1.404185096299e+02 
       7.380106253845e-01       1.390613239086e+02 
       7.412191137754e-01       1.377223821249e+02 
       7.444276022173e-01       1.363988019825e+02 
       7.476360907095e-01       1.350974777705e+02 
       7.508445792513e-01       1.338140135713e+02 
       8.198502223185e-01       1.098732236300e+02 
       9.193585469958e-01       8.475302464882e+01 
       1.077121074446e+00       5.891381079386e+01 
       1.327451770204e+00       3.617101051733e+01 
       1.668695915686e+00       2.100288551985e+01 
       2.100719253549e+00       1.204408788689e+01 
       2.644648695791e+00       6.850075836557e+00 
       3.329415448324e+00       3.866970288007e+00 
       4.191485714315e+00       2.168294349177e+00 
       5.276767878924e+00       1.208346271625e+00 
       6.643057174916e+00       6.696407933083e-01 
       8.363113489504e+00       3.691779182319e-01 
